SGLang 对照 · Qwen/Qwen3-1.7B · page_size=1 · chunked_prefill_size=8192 · 引擎启动 17.2 s
  base 预热：cached [0]，prompt [257]，e2e [32.294658944010735]
        共享前缀 cached_tokens page    预测块   e2e ms
           0             0    1      0      9.0
           1             1    1      1     63.6
          15            15    1     15      9.8
          16            16    1     16     10.2
          17            17    1     17     10.2
          31            31    1     31     10.3
          32            32    1     32     10.2
          33            33    1     33     10.2
         127           127    1    127      9.3
         128           128    1    128      8.8
         129           129    1    129      9.0
