1.1 0.026210 506
1.1 0.082681 505
1.1 0.082688 504
1.1 0.082728 505
1.1 0.082732 504
1.1 0.082760 504
1.1 0.082785 505
1.1 0.082809 505
1.1 0.082811 504
1.1 0.082835 506
1.1 0.082857 505
1.1 0.082876 506
1.1 0.082896 505
1.1 0.082914 506
1.1 0.082917 505
1.1 0.082938 504
1.1 0.082952 505
1.1 0.083110 505
1.1 0.083110 506
1.1 0.083121 506
1.1 0.083139 506
1.1 0.083147 505
1.1 0.083160 506
1.1 0.083171 504
1.1 0.083184 505
1.1 0.083191 505
1.1 0.083211 505
1.1 0.083223 504
1.1 0.083231 505
1.1 0.083241 505
1.1 0.083247 504
1.1 0.083256 506

# stderr:
