% time     seconds  usecs/call     calls    errors syscall
------ ----------- ----------- --------- --------- -----------------------
 37.61    0.126035        4346        29           poll
 34.75    0.116451          73      1576      1149 ioctl
 20.46    0.068560         779        88         3 futex
  2.29    0.007690           0     11418         2 lstat
  1.98    0.006627           1      5897       651 stat
  0.54    0.001814           0      2365       891 openat
  0.44    0.001469           0      2592           read
  0.34    0.001133           1       969           mmap
  0.31    0.001053           8       121           mprotect
  0.25    0.000832           2       394           getdents64
  0.24    0.000815           0      2277           fstat
  0.17    0.000572           0      1471           close
  0.15    0.000510           0      2278         3 lseek
  0.15    0.000490           0       569           munmap
  0.12    0.000387           0      1023           brk
  0.05    0.000181           0       464       175 newfstatat
  0.04    0.000145           4        34           sched_setaffinity
  0.02    0.000054           1        34           clone3
  0.01    0.000039           0        61           fcntl
  0.01    0.000037           0       106           rt_sigprocmask
  0.01    0.000033           1        22           write
  0.01    0.000026           3         8         7 unlink
  0.01    0.000025           0        33           clock_nanosleep
  0.01    0.000024           0       136           rt_sigaction
  0.01    0.000018           6         3           eventfd2
  0.00    0.000015           0        37           rseq
  0.00    0.000010           0        28           pread64
  0.00    0.000009           4         2           sysinfo
  0.00    0.000008           0        26        19 readlink
  0.00    0.000008           0        37           set_robust_list
  0.00    0.000007           3         2           socket
  0.00    0.000006           0        12           getpid
  0.00    0.000006           1         6         6 symlink
  0.00    0.000006           1         5           gettid
  0.00    0.000005           0         7           dup
  0.00    0.000005           0         7           getcwd
  0.00    0.000005           0         7           getrandom
  0.00    0.000004           0         5         2 access
  0.00    0.000004           1         3         3 mkdir
  0.00    0.000004           0         5           sched_get_priority_max
  0.00    0.000004           0         5           pipe2
  0.00    0.000003           3         1           bind
  0.00    0.000002           2         1           listen
  0.00    0.000002           0         7           uname
  0.00    0.000002           0         5           sched_get_priority_min
  0.00    0.000002           2         1           get_mempolicy
  0.00    0.000001           1         1           open
  0.00    0.000001           0         6           sched_getaffinity
  0.00    0.000001           0         5           prlimit64
  0.00    0.000000           0         3           dup2
  0.00    0.000000           0         1         1 connect
  0.00    0.000000           0         1           setsockopt
  0.00    0.000000           0         1           vfork
  0.00    0.000000           0         3           execve
  0.00    0.000000           0         1           wait4
  0.00    0.000000           0         1           getuid
  0.00    0.000000           0         1           getgid
  0.00    0.000000           0         3           geteuid
  0.00    0.000000           0         1           getegid
  0.00    0.000000           0         1           getppid
  0.00    0.000000           0         6         3 arch_prctl
  0.00    0.000000           0         3           set_tid_address
  0.00    0.000000           0        32           mbind
  0.00    0.000000           0         1           epoll_create1
------ ----------- ----------- --------- --------- -----------------------
100.00    0.335140           9     34248      2915 total
