% time     seconds  usecs/call     calls    errors syscall
------ ----------- ----------- --------- --------- -----------------------
 36.70    0.112812        6636        17           poll
 33.94    0.104319          66      1576      1149 ioctl
 19.62    0.060302         717        84         1 futex
  2.77    0.008524           1      5897       651 stat
  2.36    0.007267           0     11418         2 lstat
  0.95    0.002912           1      2365       891 openat
  0.83    0.002540           0      2592           read
  0.72    0.002227           0      2278         3 lseek
  0.51    0.001571           1      1024           brk
  0.36    0.001104           1       969           mmap
  0.27    0.000840           0      2277           fstat
  0.19    0.000583         583         1           wait4
  0.17    0.000513           0      1471           close
  0.14    0.000425           0       569           munmap
  0.10    0.000298           0       394           getdents64
  0.06    0.000173           1       121           mprotect
  0.05    0.000161           4        34           clone3
  0.05    0.000156           0       464       175 newfstatat
  0.04    0.000138          46         3           execve
  0.02    0.000075           0       106           rt_sigprocmask
  0.01    0.000046           1        32           mbind
  0.01    0.000044          44         1           vfork
  0.01    0.000042           1        34           sched_setaffinity
  0.01    0.000041           1        37           set_robust_list
  0.01    0.000034           0        61           fcntl
  0.01    0.000027           1        26        19 readlink
  0.01    0.000025           1        22           write
  0.01    0.000024           0        37           rseq
  0.01    0.000018           0       136           rt_sigaction
  0.01    0.000018           0        28           pread64
  0.01    0.000016           5         3           eventfd2
  0.00    0.000012           2         5         2 access
  0.00    0.000012           2         5           pipe2
  0.00    0.000009           1         8         7 unlink
  0.00    0.000009           1         5           gettid
  0.00    0.000008           1         6         6 symlink
  0.00    0.000008           0        33           clock_nanosleep
  0.00    0.000008           1         7           getrandom
  0.00    0.000006           2         3         3 mkdir
  0.00    0.000005           0        12           getpid
  0.00    0.000005           2         2           socket
  0.00    0.000005           0         7           getcwd
  0.00    0.000005           0         6         3 arch_prctl
  0.00    0.000004           0         7           uname
  0.00    0.000004           0         5           prlimit64
  0.00    0.000003           0         7           dup
  0.00    0.000003           3         1           bind
  0.00    0.000003           0         6           sched_getaffinity
  0.00    0.000002           2         1           listen
  0.00    0.000002           1         2           sysinfo
  0.00    0.000002           0         3           geteuid
  0.00    0.000002           0         5           sched_get_priority_min
  0.00    0.000002           0         3           set_tid_address
  0.00    0.000001           1         1           setsockopt
  0.00    0.000001           1         1           getuid
  0.00    0.000001           1         1           getegid
  0.00    0.000001           0         5           sched_get_priority_max
  0.00    0.000001           1         1           get_mempolicy
  0.00    0.000000           0         1           open
  0.00    0.000000           0         3           dup2
  0.00    0.000000           0         1         1 connect
  0.00    0.000000           0         1           getgid
  0.00    0.000000           0         1           getppid
  0.00    0.000000           0         1           epoll_create1
------ ----------- ----------- --------- --------- -----------------------
100.00    0.307399           8     34233      2913 total
