% time     seconds  usecs/call     calls    errors syscall
------ ----------- ----------- --------- --------- -----------------------
 47.51    0.206110       17175        12           poll
 46.56    0.201985         128      1573      1149 ioctl
  1.67    0.007237           0     11418         2 lstat
  0.99    0.004299           0      5897       651 stat
  0.98    0.004237           1      2592           read
  0.66    0.002851           1      2365       891 openat
  0.34    0.001470           1      1025           brk
  0.29    0.001264           1       968           mmap
  0.15    0.000649           0      2277           fstat
  0.11    0.000473           1       394           getdents64
  0.10    0.000451           0      1471           close
  0.08    0.000364           0       568           munmap
  0.08    0.000328           9        34           clone3
  0.07    0.000321           0      2278         3 lseek
  0.07    0.000311           2       121           mprotect
  0.07    0.000284           0       464       175 newfstatat
  0.05    0.000238           2        82           futex
  0.05    0.000225           2       106           rt_sigprocmask
  0.03    0.000136         136         1           wait4
  0.03    0.000117           3        37           rseq
  0.03    0.000110           3        34           sched_setaffinity
  0.02    0.000089           2        37           set_robust_list
  0.01    0.000052           0        61           fcntl
  0.01    0.000029           1        22           write
  0.01    0.000026           0        28           pread64
  0.01    0.000026           0        32           mbind
  0.01    0.000023           0        26        19 readlink
  0.01    0.000023           0        33           clock_nanosleep
  0.00    0.000019           6         3           eventfd2
  0.00    0.000012           1        12           getpid
  0.00    0.000010           1         6         6 symlink
  0.00    0.000008           1         8         7 unlink
  0.00    0.000008           1         7           getrandom
  0.00    0.000006           0         7           dup
  0.00    0.000006           2         3         3 mkdir
  0.00    0.000006           1         5           gettid
  0.00    0.000005           2         2           socket
  0.00    0.000005           2         2           sysinfo
  0.00    0.000005           5         1           epoll_create1
  0.00    0.000005           1         5           pipe2
  0.00    0.000004           0         5         2 access
  0.00    0.000004           0         7           getcwd
  0.00    0.000003           3         1           bind
  0.00    0.000003           0         7           uname
  0.00    0.000003           0         5           sched_get_priority_max
  0.00    0.000003           0         5           sched_get_priority_min
  0.00    0.000003           0         5           prlimit64
  0.00    0.000002           0       136           rt_sigaction
  0.00    0.000002           2         1           listen
  0.00    0.000002           2         1           get_mempolicy
  0.00    0.000001           1         1           setsockopt
  0.00    0.000001           0         6         3 arch_prctl
  0.00    0.000001           0         6           sched_getaffinity
  0.00    0.000001           0         3           set_tid_address
  0.00    0.000000           0         1           open
  0.00    0.000000           0         3           dup2
  0.00    0.000000           0         1         1 connect
  0.00    0.000000           0         1           vfork
  0.00    0.000000           0         3           execve
  0.00    0.000000           0         1           getuid
  0.00    0.000000           0         1           getgid
  0.00    0.000000           0         3           geteuid
  0.00    0.000000           0         1           getegid
  0.00    0.000000           0         1           getppid
------ ----------- ----------- --------- --------- -----------------------
100.00    0.433856          12     34222      2912 total
