% time     seconds  usecs/call     calls    errors syscall
------ ----------- ----------- --------- --------- -----------------------
 37.74    0.121993        6777        18           poll
 35.07    0.113351          72      1573      1149 ioctl
 20.06    0.064847         771        84         1 futex
  2.65    0.008564           0     11418         2 lstat
  1.16    0.003762           0      5897       651 stat
  0.58    0.001874           0      2365       891 openat
  0.53    0.001704           0      2277           fstat
  0.49    0.001589           0      2592           read
  0.34    0.001099           1       968           mmap
  0.21    0.000687         687         1           wait4
  0.14    0.000461           0      1471           close
  0.14    0.000437           1       394           getdents64
  0.13    0.000413           0       568           munmap
  0.12    0.000377           0      2278         3 lseek
  0.11    0.000367           0      1024           brk
  0.09    0.000275           0       464       175 newfstatat
  0.08    0.000270           2       106           rt_sigprocmask
  0.06    0.000202           5        34           clone3
  0.06    0.000187           1       121           mprotect
  0.04    0.000123          41         3           execve
  0.03    0.000091           2        34           sched_setaffinity
  0.02    0.000065           1        37           rseq
  0.02    0.000062           0       136           rt_sigaction
  0.02    0.000049           2        22           write
  0.01    0.000046           0        61           fcntl
  0.01    0.000046           1        26        19 readlink
  0.01    0.000044           1        37           set_robust_list
  0.01    0.000035           7         5           pipe2
  0.01    0.000024           8         3           eventfd2
  0.01    0.000022           0        33           clock_nanosleep
  0.01    0.000018           9         2           socket
  0.00    0.000016           0        28           pread64
  0.00    0.000015           1         8         7 unlink
  0.00    0.000012           0        32           mbind
  0.00    0.000011          11         1         1 connect
  0.00    0.000010           0        12           getpid
  0.00    0.000010           1         6         6 symlink
  0.00    0.000009           3         3         3 mkdir
  0.00    0.000008           1         5         2 access
  0.00    0.000008           1         7           uname
  0.00    0.000008           2         3           geteuid
  0.00    0.000007           3         2           sysinfo
  0.00    0.000006           1         5           gettid
  0.00    0.000006           1         5           prlimit64
  0.00    0.000005           0         7           dup
  0.00    0.000005           0         6         3 arch_prctl
  0.00    0.000004           4         1           setsockopt
  0.00    0.000004           0         6           sched_getaffinity
  0.00    0.000004           0         7           getrandom
  0.00    0.000003           3         1           bind
  0.00    0.000003           0         7           getcwd
  0.00    0.000003           3         1           getegid
  0.00    0.000003           0         5           sched_get_priority_max
  0.00    0.000002           2         1           listen
  0.00    0.000002           2         1           getuid
  0.00    0.000002           2         1           getgid
  0.00    0.000002           2         1           getppid
  0.00    0.000002           0         3           set_tid_address
  0.00    0.000002           2         1           get_mempolicy
  0.00    0.000000           0         1           open
  0.00    0.000000           0         3           dup2
  0.00    0.000000           0         1           vfork
  0.00    0.000000           0         5           sched_get_priority_min
  0.00    0.000000           0         1           epoll_create1
------ ----------- ----------- --------- --------- -----------------------
100.00    0.323256           9     34229      2913 total
