% time     seconds  usecs/call     calls    errors syscall
------ ----------- ----------- --------- --------- -----------------------
 38.02    0.123702        4757        26           poll
 34.98    0.113801          72      1573      1149 ioctl
 20.36    0.066245         744        89         3 futex
  2.11    0.006861           0     11418         2 lstat
  1.17    0.003791           0      5897       651 stat
  0.96    0.003129           1      2592           read
  0.83    0.002697           1      2365       891 openat
  0.33    0.001071           1       968           mmap
  0.16    0.000535           1       394           getdents64
  0.15    0.000473           0      2277           fstat
  0.14    0.000457          13        34           sched_setaffinity
  0.14    0.000456           0      1471           close
  0.12    0.000391           0      1025           brk
  0.10    0.000335           0      2278         3 lseek
  0.10    0.000321           0       569           munmap
  0.07    0.000219           0       464       175 newfstatat
  0.06    0.000186           1       121           mprotect
  0.03    0.000104           3        34           clone3
  0.03    0.000095           2        33           clock_nanosleep
  0.03    0.000086          28         3           execve
  0.02    0.000063           0       106           rt_sigprocmask
  0.01    0.000042           0        61           fcntl
  0.01    0.000037           1        22           write
  0.01    0.000029           0        37           rseq
  0.01    0.000028           1        26        19 readlink
  0.01    0.000023           0        37           set_robust_list
  0.00    0.000014           7         2           socket
  0.00    0.000014           2         5           pipe2
  0.00    0.000012           0        32           mbind
  0.00    0.000011           1         8         7 unlink
  0.00    0.000010           0        28           pread64
  0.00    0.000010           0        12           getpid
  0.00    0.000010           1         6         6 symlink
  0.00    0.000009           1         5         2 access
  0.00    0.000009           3         3           eventfd2
  0.00    0.000008           8         1         1 connect
  0.00    0.000007           3         2           sysinfo
  0.00    0.000005           1         3         3 mkdir
  0.00    0.000005           1         5           gettid
  0.00    0.000004           0         7           dup
  0.00    0.000004           4         1           setsockopt
  0.00    0.000004           0         7           uname
  0.00    0.000004           0         7           getcwd
  0.00    0.000004           0         5           sched_get_priority_max
  0.00    0.000004           0         7           getrandom
  0.00    0.000003           3         1           bind
  0.00    0.000002           2         1           listen
  0.00    0.000002           0         5           sched_get_priority_min
  0.00    0.000002           0         6           sched_getaffinity
  0.00    0.000002           2         1           get_mempolicy
  0.00    0.000002           0         5           prlimit64
  0.00    0.000001           0         3           geteuid
  0.00    0.000001           0         6         3 arch_prctl
  0.00    0.000001           0         3           set_tid_address
  0.00    0.000001           1         1           epoll_create1
  0.00    0.000000           0         1           open
  0.00    0.000000           0       136           rt_sigaction
  0.00    0.000000           0         3           dup2
  0.00    0.000000           0         1           vfork
  0.00    0.000000           0         1           wait4
  0.00    0.000000           0         1           getuid
  0.00    0.000000           0         1           getgid
  0.00    0.000000           0         1           getegid
  0.00    0.000000           0         1           getppid
------ ----------- ----------- --------- --------- -----------------------
100.00    0.325342           9     34244      2915 total
