------------------ ----------------------------------------------------------- ------- ------- ------- ------- -------- -------- ------ ------ ------ ------ ------ ------ ------ ------- ------ ------ ------- ------- ------ ------ ------ ------ ------ ------ ------ ------ ------ ------ ------- ------ ------ ------ ------ ------ ------ ------ ------ ------ ------ ------ ------ ------ ------ ------ ------ ------- ------ ------ ------ ------ ------ ------ ------ ------ ------ ------ ------ ------ ------
Kernel Name        red_v0(const float *, float *, unsigned long)                                                                                                                                                                                                                                                                                                                                                                                                                                                        
------------------ ----------------------------------------------------------- ------- ------- ------- ------- -------- -------- ------ ------ ------ ------ ------ ------ ------ ------- ------ ------ ------- ------- ------ ------ ------ ------ ------ ------ ------ ------ ------ ------ ------- ------ ------ ------ ------ ------ ------ ------ ------ ------ ------ ------ ------ ------ ------ ------ ------ ------- ------ ------ ------ ------ ------ ------ ------ ------ ------ ------ ------ ------ ------
Address            Source                                                      Warp S  Warp S  # Samp  Instru  Thread   Predic   Avg. T Avg. P Deriva Avg. P Addres Access Access L1 Tag  L1 Con L2 The L2 The  L2 The  L2 Exp L2 Exp L2 Exp L2 Exp L2 Exp L2 Exp L2 Exp stall_ stall_ stall_ stall_  stall_ stall_ stall_ stall_ stall_ stall_ stall_ stall_ stall_ stall_ stall_ stall_ stall_ stall_ stall_ stall_ stall_  stall_ stall_ stall_ stall_ stall_ stall_ stall_ stall_ stall_ stall_ stall_ stall_ stall_
                                                                               tall S  tall S  les     ctions   Instr   ated-O   hreads redica tive A redica s Spac  Opera  Size   Reque  flicts oretic oretic  oretic  licit  licit  licit  licit  licit  licit  licit  barrie branch dispat drain   lg     long_s math   membar mio    misc   no_ins not_se select short_ sleep  tex    wait   barrie branch dispat drain   lg (No long_s math ( membar mio (N misc ( no_ins not_se select short_ sleepi tex (N wait (
                                                                               amplin  amplin           Execu  uction   n Thre    Execu ted-On vg. Pr ted-On e      tion          sts Gl   Share al Sec al Sec  al Sec  Evict  Hit Po Hit Po Hit Po Hit Po Miss P Miss P r      _resol ch                    b                                  t      lected ed     sb                          r (Not _resol ch (No (Not I  t Issu b (Not Not Is  (Not  ot Iss Not Is t (Not lected ed (No sb (No ng (No ot Iss Not Is
                                                                               g (All  g (Not          ted     s Exec   ad Ins   ted     Threa edicat  Threa                      obal    d N-Wa tors G tors G  tors G  Polici licy E licy E licy E licy E olicy  olicy         ving                                                                                                              Issue ving ( t Issu ssued)  ed)     Issue sued)  Issued ued)   sued)   Issue  (Not  t Issu t Issu t Issu ued)   sued) 
                                                                                Sampl  -issue                  uted     tructi          ds Exe ed-On  ds Une                              y      lobal  lobal   lobal   es     vict F vict L vict N vict N Evict  Evict                                                                                                                          d)     Not Is ed)                   d)            )                    d)     Issued ed)    ed)    ed)                 
                                                                               es)     d Samp                           ons Ex          cuted  Thread xecute                                     Excess         Ideal          irst   ast    ormal  ormal  First  Normal                                                                                                                                sued)                                                                  )                                        
                                                                                       les)                             ecuted                 s Exec d                                          ive                                                Demote                                                                                                                                                                                                                                                              
                                                                                                                                               uted                                                                                                                                                                                                                                                                                                                                                                     
0x325b66900              LDC R1, c[0x0][0x37c]                                 75      73      75      2097152 67108864 67108864 32     32     0      0      -      -      -      0       0      0      0       0       -      0      0      0      0      0      0      0      0      0      0       0      0      0      0      0      0      74     1      0      0      0      0      0      0      0      0      0       0      0      0      0      0      0      73     0      0      0      0      0      0     
0x325b66910              S2R R2, SR_TID.X                                      167355  167225  167355  2097152 67108864 67108864 32     32     0      0      -      -      -      0       0      0      0       0       -      0      0      0      0      0      0      0      0      0      0       0      0      0      0      167309 12     0      17     17     0      0      0      0      0      0      0      0       0      0      0      0      167214 11     0      0      0      0      0      0      0     
0x325b66920              S2UR UR4, SR_CTAID.X                                  108     80      108     2097152 67108864 67108864 32     32     0      0      -      -      -      0       0      0      0       0       -      0      0      0      0      0      0      0      0      0      0       0      0      0      0      1      0      0      1      17     0      0      0      89     0      0      0      0       0      0      0      0      1      0      0      0      0      0      0      0      79    
0x325b66930              LDCU.64 UR6, c[0x0][0x390]                            27      8       27      2097152 67108864 67108864 32     32     0      0      -      -      -      0       0      0      0       0       -      0      0      0      0      0      0      0      0      0      0       0      0      0      0      0      9      0      1      17     0      0      0      0      0      0      0      0       0      0      0      0      0      8      0      0      0      0      0      0      0     
0x325b66940              HFMA2 R3, -RZ, RZ, 0, 0                               32      14      32      2097152 67108864 67108864 32     32     0      0      -      -      -      0       0      0      0       0       -      0      0      0      0      0      0      0      0      1      0       0      0      1      0      0      12     0      1      17     0      0      0      0      0      0      1      0       0      0      1      0      0      12     0      0      0      0      0      0      0     
0x325b66950              LDC R5, c[0x0][0x360]                                 95      73      95      2097152 67108864 67108864 32     32     0      0      -      -      -      0       0      0      0       0       -      0      0      0      0      0      0      0      0      0      0       0      0      0      0      0      0      0      2      12     0      0      0      81     0      0      0      0       0      0      0      0      0      0      0      0      0      0      0      0      73    
0x325b66960              IMAD.WIDE.U32 R2, R5, UR4, R2                         630398  629867  630398  2097152 67108864 67108864 32     32     0      0      -      -      -      0       0      0      0       0       -      0      0      0      0      0      0      0      0      0      0       0      0      1      0      0      0      0      1      13     630364 0      0      19     0      0      0      0       0      0      0      0      0      0      0      0      0      629851 0      0      16    
0x325b66970              ISETP.GE.U64.AND P0, PT, R2, UR6, PT                  109     89      109     2097152 67108864 67108864 32     32     0      0      -      -      -      0       0      0      0       0       -      0      0      0      0      0      0      0      0      25     0       0      0      2      0      0      0      0      1      17     0      0      0      64     0      0      23     0       0      0      2      0      0      0      0      0      0      0      0      0      64    
0x325b66980        @P0   EXIT                                                  248     215     248     2097152 67108864 0        32     0      32     32     -      -      -      0       0      0      0       0       -      0      0      0      0      0      0      0      0      0      0       0      0      0      0      0      0      0      1      18     0      0      0      229    0      0      0      0       0      0      0      0      0      0      0      0      0      0      0      0      215   
0x325b66990              LDCU.64 UR6, c[0x0][0x380]                            94      69      94      2097152 67108864 67108864 32     32     32     0      -      -      -      0       0      0      0       0       -      0      0      0      0      0      0      0      0      0      0       0      0      0      0      0      0      0      0      19     0      0      0      75     0      0      0      0       0      0      0      0      0      0      0      0      0      0      0      0      69    
0x325b669a0              LDCU.64 UR4, c[0x0][0x358]                            36      7       36      2097152 67108864 67108864 32     32     0      0      -      -      -      0       0      0      0       0       -      0      0      0      0      0      0      0      0      0      0       0      0      0      0      0      7      0      0      29     0      0      0      0      0      0      0      0       0      0      0      0      0      7      0      0      0      0      0      0      0     
0x325b669b0              LEA R4, P0, R2, UR6, 0x2                              253     231     253     2097152 67108864 67108864 32     32     0      0      -      -      -      0       0      0      0       0       -      0      0      0      0      0      0      0      0      0      0       0      0      2      0      0      0      0      0      12     239    0      0      0      0      0      0      0       0      0      2      0      0      0      0      0      0      229    0      0      0     
0x325b669c0              LEA.HI.X R5, R2, UR7, R3, 0x2, P0                     67      54      67      2097152 67108864 67108864 32     32     0      0      -      -      -      0       0      0      0       0       -      0      0      0      0      0      0      0      0      0      0       0      0      1      0      0      0      0      0      8      0      0      0      58     0      0      0      0       0      0      1      0      0      0      0      0      0      0      0      0      53    
0x325b669d0              LDG.E.CONSTANT R5, desc[UR4][R4.64]                   58913   58850   58913   2097152 67108864 67108864 32     32     0      0      Global Load   32     2097152 0      0      8388608 8388608        0      0      0      0      0      0      0      0      0      0       18761  0      0      0      40036  0      0      3      19     0      0      0      94     0      0      0      0       18746  0      0      0      40011  0      0      0      0      0      0      0      93    
0x325b669e0              LDC.64 R2, c[0x0][0x388]                              39      13      39      2097152 67108864 67108864 32     32     0      0      -      -      -      0       0      0      0       0       -      0      0      0      0      0      0      0      0      0      0       0      0      0      0      0      13     0      0      26     0      0      0      0      0      0      0      0       0      0      0      0      0      13     0      0      0      0      0      0      0     
0x325b669f0              REDG.E.ADD.F32.FTZ.RN.STRONG.GPU desc[UR4][R2.64], R5 843719  842560  843719  2097152 67108864 67108864 32     32     0      0      Global -      32     2097152 0      0      2097152 2097152        0      0      0      0      0      0      0      0      0      0       130745 692406 0      0      20514  0      0      5      18     0      0      0      31     0      0      0      0       130732 691288 0      0      20511  0      0      0      0      0      0      0      29    
0x325b66a00              EXIT                                                  24      16      24      2097152 67108864 67108864 32     32     0      0      -      -      -      0       0      0      0       0       -      0      0      0      0      0      0      0      0      0      0       0      0      0      0      0      16     0      0      8      0      0      0      0      0      0      0      0       0      0      0      0      0      16     0      0      0      0      0      0      0     
0x325b66a10              BRA 0x325b66a10                                       1560632 1560033 1560632 0       0        0        0      0      0      0      -      -      -      0       0      0      0       0       -      0      0      0      0      0      0      0      114    0      1560449 0      0      0      0      0      0      0      0      10     0      0      0      59     0      112    0      1559862 0      0      0      0      0      0      0      0      0      0      0      0      59    
0x325b66a20              NOP                                                   0       0       0       0       0        0        0      0      0      0      -      -      -      0       0      0      0       0       -      0      0      0      0      0      0      0      0      0      0       0      0      0      0      0      0      0      0      0      0      0      0      0      0      0      0      0       0      0      0      0      0      0      0      0      0      0      0      0      0     
0x325b66a30              NOP                                                   0       0       0       0       0        0        0      0      0      0      -      -      -      0       0      0      0       0       -      0      0      0      0      0      0      0      0      0      0       0      0      0      0      0      0      0      0      0      0      0      0      0      0      0      0      0       0      0      0      0      0      0      0      0      0      0      0      0      0     
0x325b66a40              NOP                                                   0       0       0       0       0        0        0      0      0      0      -      -      -      0       0      0      0       0       -      0      0      0      0      0      0      0      0      0      0       0      0      0      0      0      0      0      0      0      0      0      0      0      0      0      0      0       0      0      0      0      0      0      0      0      0      0      0      0      0     
0x325b66a50              NOP                                                   0       0       0       0       0        0        0      0      0      0      -      -      -      0       0      0      0       0       -      0      0      0      0      0      0      0      0      0      0       0      0      0      0      0      0      0      0      0      0      0      0      0      0      0      0      0       0      0      0      0      0      0      0      0      0      0      0      0      0     
0x325b66a60              NOP                                                   0       0       0       0       0        0        0      0      0      0      -      -      -      0       0      0      0       0       -      0      0      0      0      0      0      0      0      0      0       0      0      0      0      0      0      0      0      0      0      0      0      0      0      0      0      0       0      0      0      0      0      0      0      0      0      0      0      0      0     
0x325b66a70              NOP                                                   0       0       0       0       0        0        0      0      0      0      -      -      -      0       0      0      0       0       -      0      0      0      0      0      0      0      0      0      0       0      0      0      0      0      0      0      0      0      0      0      0      0      0      0      0      0       0      0      0      0      0      0      0      0      0      0      0      0      0     
0x325b66a80              NOP                                                   0       0       0       0       0        0        0      0      0      0      -      -      -      0       0      0      0       0       -      0      0      0      0      0      0      0      0      0      0       0      0      0      0      0      0      0      0      0      0      0      0      0      0      0      0      0       0      0      0      0      0      0      0      0      0      0      0      0      0     
0x325b66a90              NOP                                                   0       0       0       0       0        0        0      0      0      0      -      -      -      0       0      0      0       0       -      0      0      0      0      0      0      0      0      0      0       0      0      0      0      0      0      0      0      0      0      0      0      0      0      0      0      0       0      0      0      0      0      0      0      0      0      0      0      0      0     
0x325b66aa0              NOP                                                   0       0       0       0       0        0        0      0      0      0      -      -      -      0       0      0      0       0       -      0      0      0      0      0      0      0      0      0      0       0      0      0      0      0      0      0      0      0      0      0      0      0      0      0      0      0       0      0      0      0      0      0      0      0      0      0      0      0      0     
0x325b66ab0              NOP                                                   0       0       0       0       0        0        0      0      0      0      -      -      -      0       0      0      0       0       -      0      0      0      0      0      0      0      0      0      0       0      0      0      0      0      0      0      0      0      0      0      0      0      0      0      0      0       0      0      0      0      0      0      0      0      0      0      0      0      0     
0x325b66ac0              NOP                                                   0       0       0       0       0        0        0      0      0      0      -      -      -      0       0      0      0       0       -      0      0      0      0      0      0      0      0      0      0       0      0      0      0      0      0      0      0      0      0      0      0      0      0      0      0      0       0      0      0      0      0      0      0      0      0      0      0      0      0     
0x325b66ad0              NOP                                                   0       0       0       0       0        0        0      0      0      0      -      -      -      0       0      0      0       0       -      0      0      0      0      0      0      0      0      0      0       0      0      0      0      0      0      0      0      0      0      0      0      0      0      0      0      0       0      0      0      0      0      0      0      0      0      0      0      0      0     
0x325b66ae0              NOP                                                   0       0       0       0       0        0        0      0      0      0      -      -      -      0       0      0      0       0       -      0      0      0      0      0      0      0      0      0      0       0      0      0      0      0      0      0      0      0      0      0      0      0      0      0      0      0       0      0      0      0      0      0      0      0      0      0      0      0      0     
0x325b66af0              NOP                                                   0       0       0       0       0        0        0      0      0      0      -      -      -      0       0      0      0       0       -      0      0      0      0      0      0      0      0      0      0       0      0      0      0      0      0      0      0      0      0      0      0      0      0      0      0      0       0      0      0      0      0      0      0      0      0      0      0      0      0     
