SGLang 对照 · Qwen/Qwen3-1.7B · page_size=16 · chunked_prefill_size=8192 · 引擎启动 17.1 s
  base 预热：cached [0]，prompt [257]，e2e [41.012669913470745]
        共享前缀 cached_tokens page    预测块   e2e ms
           0             0   16      0      8.4
           1             0   16      0      9.7
          15             0   16      0      9.7
          16            16   16      1     15.4
          17            16   16      1     10.3
          31            16   16      1     10.2
          32            32   16      2     10.3
          33            32   16      2     10.3
         127           112   16      7      9.7
         128           128   16      8      8.8
         129           128   16      8      8.7
