=== NVIDIA GeForce RTX 5090 D  sm_120  SM=170 ===

[A] 精度对照（FP64 参照）
  用例                       n          FP32 结果      FP64 参照      相对误差
  奇数长度 1000003         1000003    1000003.0        1000003.0        0.000e+00
  完全抵消 ±1             1048576    0.0              0.0              0.000e+00
  大数吞小数 1e8/1        1048576    52428690948096.0 52428800524288.0 2.090e-06
  小量 1e-7 累加           1048576    828979368742092800.0 828980086290382848.0 8.656e-07
  ⇒ 分层归约把误差压到 O(log N)；完全抵消与小量累加这两类输入
     是判断「是否只是碰巧对」的关键（相对误差 > 1e-3 的用例数：0）。

[B] 行宽 × 行数扫描（每行一个 256 线程 block）
  本卡 L2 = 96 MB；工作集 ≤ L2 的行带宽会超过 DRAM 上限，单独标注
  cols     rows     工作集MB L2内  vec      两阶段ms  GB/s       一阶段ms  GB/s       最大相对误差
  128      1        0.00       是    1        0.0023       0.2        0.0027       0.2        0.00e+00
  128      1        0.00       是    4        0.0021       0.2        0.0027       0.2        0.00e+00
  128      8        0.00       是    1        0.0021       1.9        0.0030       1.3        0.00e+00
  128      8        0.00       是    4        0.0021       2.0        0.0027       1.5        0.00e+00
  128      128      0.06       是    1        0.0020       32.0       0.0029       22.4       0.00e+00
  128      128      0.06       是    4        0.0021       30.8       0.0036       18.4       0.00e+00
  128      2048     1.00       是    1        0.0041       255.2      0.0060       174.9      0.00e+00
  128      2048     1.00       是    4        0.0041       253.1      0.0058       181.4      0.00e+00
  1024     1        0.00       是    1        0.0022       1.8        0.0030       1.4        0.00e+00
  1024     1        0.00       是    4        0.0021       1.9        0.0028       1.5        0.00e+00
  1024     8        0.03       是    1        0.0024       13.4       0.0031       10.7       0.00e+00
  1024     8        0.03       是    4        0.0022       15.0       0.0028       11.8       0.00e+00
  1024     128      0.50       是    1        0.0021       244.5      0.0041       128.5      0.00e+00
  1024     128      0.50       是    4        0.0021       244.4      0.0034       156.0      0.00e+00
  1024     2048     8.00       是    1        0.0066       1279.7     0.0061       1376.8     0.00e+00
  1024     2048     8.00       是    4        0.0041       2033.7     0.0062       1357.2     0.00e+00
  4096     1        0.02       是    1        0.0042       3.9        0.0042       3.9        0.00e+00
  4096     1        0.02       是    4        0.0021       7.7        0.0027       6.1        0.00e+00
  4096     8        0.12       是    1        0.0042       31.5       0.0045       29.0       0.00e+00
  4096     8        0.12       是    4        0.0023       57.3       0.0030       44.1       0.00e+00
  4096     128      2.00       是    1        0.0042       497.8      0.0051       411.1      0.00e+00
  4096     128      2.00       是    4        0.0022       970.2      0.0041       514.4      0.00e+00
  4096     2048     32.00      是    1        0.0104       3238.3     0.0122       2745.7     0.00e+00
  4096     2048     32.00      是    4        0.0081       4120.1     0.0101       3336.8     0.00e+00
  14336    1        0.05       是    1        0.0102       5.6        0.0102       5.6        0.00e+00
  14336    1        0.05       是    4        0.0041       14.0       0.0041       14.0       0.00e+00
  14336    8        0.44       是    1        0.0103       44.7       0.0103       44.4       0.00e+00
  14336    8        0.44       是    4        0.0041       112.7      0.0041       112.5      0.00e+00
  14336    128      7.00       是    1        0.0105       701.9      0.0103       710.1      0.00e+00
  14336    128      7.00       是    4        0.0041       1800.4     0.0051       1432.3     0.00e+00
  14336    2048     112.00     否    1        0.0841       1395.9     0.0880       1334.6     0.00e+00
  14336    2048     112.00     否    4        0.0718       1636.2     0.0737       1593.7     0.00e+00
  ⇒ rows=1 时 grid 只有 1 个 block（launch/占用受限），rows 增大后进入带宽受限；
     vec=4 对 cols=14336 这类宽行最明显。

[C] 与 CUB 对照（同样的「每行一个 block」结构，cols=4096/14336, rows=2048）
  cols     rows     手写两阶段ms GB/s     CUB ms       GB/s     CUB/手写
  4096     2048     0.0085       3928.7   0.0066       5050.9   0.78x
  14336    2048     0.0717       1637.9   0.0717       1638.9   1.00x
  ⇒ CUB 的 BlockReduce 与手写树形归约同构（都是 shared + 树），差异在实现细节。

