=== NVIDIA GeForce RTX 5090 D  sm_120  SM=170  每 SM 寄存器 65536 ===

unroll     MINB   regs     local(B)   occ blk   spill    GB/s         ms
------------------------------------------------------------------------------------------
1          1      18       0          6         -        1695.8       0.6332
1          2      18       0          6         -        1698.8       0.6321
1          4      18       0          6         -        1698.3       0.6322
1          8      18       0          6         -        1697.2       0.6326
2          1      28       0          6         -        1694.5       0.6337
2          2      28       0          6         -        1694.5       0.6337
2          4      28       0          6         -        1695.6       0.6333
2          8      28       0          6         -        1694.9       0.6335
4          1      38       0          6         -        1687.6       0.6363
4          2      38       0          6         -        1689.1       0.6357
4          4      38       0          6         -        1689.0       0.6357
4          8      38       0          6         -        1688.2       0.6360
8          1      56       0          4         -        1698.3       0.6322
8          2      56       0          4         -        1699.7       0.6317
8          4      56       0          4         -        1700.0       0.6316
8          8      40       0          6         -        1688.5       0.6359

[compute] 独立 FMA 链数 × 寄存器预算（iters=200000）
chains     MINB   regs     local(B)   occ blk   TFLOPS       每 SM 寄存器预算
------------------------------------------------------------------------------------------
4          1      12       0          6         118.1        256
4          2      12       0          6         118.1        128
4          8      12       0          6         117.6        32
16         1      36       0          6         120.0        256
16         2      36       0          6         119.8        128
16         8      36       0          6         119.8        32
32         1      39       0          6         119.8        256
32         2      39       0          6         119.7        128
32         8      47       0          5         119.7        32
64         1      71       0          3         119.2        256
64         2      71       0          3         119.2        128
64         8      70       0          3         119.0        32

注：spill 的字节数在 -Xptxas -v 的日志里（本程序只报 local memory 大小）；
    local(B) > 0 说明有变量被放到了 local memory，延迟按显存算。
