=== NVIDIA GeForce RTX 5090 D  sm_120  SM=170  标称时钟 2.41 GHz

[A] fragment 排列验证：按 ISA 的 lane 映射装矩阵，和 CPU FP64 对拍
    m16n8k16 bf16：16x8 输出与 FP64 参照的最大绝对差 0.000e+00（整数输入，bf16 可精确表示）
    D[0][0]=1.0 D[0][1]=-12.0 D[8][0]=9.0 D[15][7]=7.0
    m16n8k32 e4m3：最大绝对差 0.000e+00（|值| ≤ 2，e4m3 可精确表示小整数）
    D[0][0]=3.0 D[0][1]=0.0 D[8][0]=-3.0 D[15][7]=0.0
    排列写错时这一步会出现成片的错值，而不是最后一位的舍入差。

[B] 依赖链阶梯：链数=1 是延迟，链数足够多是发射间隔
    周期由 kernel 内的 clock64() 直接数，不经过 NVML 频率采样。

    m16n8k16 bf16 -> f32  （4096 FLOP/指令）
    链数  warps   TFLOPS    周期/指令 FLOP/clk/SM   ms
    1       4       222.9     34.96       468.7         0.25
    1       8       249.0     64.31       509.5         0.45
    1       16      251.1     128.51      510.0         0.89
    2       4       246.7     32.62       502.2         0.45
    2       8       251.5     64.09       511.3         0.89
    2       16      252.3     128.19      511.2         1.77
    4       4       250.0     32.00       511.9         0.89
    4       8       252.6     64.04       511.7         1.76
    4       16      253.1     128.05      511.8         3.52
    8       4       251.6     32.17       509.4         1.77
    8       8       252.9     64.01       511.9         3.52
    8       16      253.1     127.96      512.1         7.04
    16      4       252.0     32.06       511.1         3.54
    16      8       253.0     64.02       511.8         7.05
    16      16      252.1     127.75      513.0         14.14
    单 warp 单链（纯延迟）34.85 周期/指令；峰值 513.0 FLOP/clk/SM（4.4 倍于延迟界）

    m16n8k16 f16  -> f16  （4096 FLOP/指令）
    链数  warps   TFLOPS    周期/指令 FLOP/clk/SM   ms
    1       4       267.8     29.76       550.5         0.21
    1       8       484.9     32.95       994.5         0.23
    1       16      263.0     89.39       733.2         0.85
    2       4       398.8     17.85       918.1         0.28
    2       8       276.6     45.40       721.8         0.81
    2       16      266.5     103.47      633.4         1.67
    4       4       289.1     20.43       802.1         0.77
    4       8       310.6     45.79       715.7         1.43
    4       16      288.0     103.71      631.9         3.09
    8       4       309.9     23.06       710.6         1.44
    8       8       288.3     51.86       631.9         3.09
    8       16      287.0     108.75      602.6         6.21
    16      4       287.3     26.55       617.0         3.10
    16      8       287.1     54.11       605.6         6.21
    16      16      287.8     110.22      594.6         12.39
    单 warp 单链（纯延迟）29.81 周期/指令；峰值 994.5 FLOP/clk/SM（7.2 倍于延迟界）

    m16n8k32 e4m3 -> f32  （8192 FLOP/指令）
    链数  warps   TFLOPS    周期/指令 FLOP/clk/SM   ms
    1       4       454.3     34.92       938.3         0.25
    1       8       496.2     64.16       1021.4        0.45
    1       16      498.1     128.26      1021.9        0.89
    2       4       488.3     32.29       1014.7        0.46
    2       8       499.5     64.07       1022.8        0.89
    2       16      501.5     128.12      1023.1        1.78
    4       4       496.6     32.14       1019.4        0.90
    4       8       502.4     64.04       1023.3        1.77
    4       16      503.2     128.06      1023.5        3.54
    8       4       499.8     32.10       1020.7        1.78
    8       8       503.2     64.02       1023.7        3.54
    8       16      503.5     127.96      1024.4        7.08
    16      4       501.4     32.08       1021.4        3.55
    16      8       503.5     64.02       1023.7        7.08
    16      16      503.6     127.75      1026.0        14.16
    单 warp 单链（纯延迟）34.87 周期/指令；峰值 1026.0 FLOP/clk/SM（4.4 倍于延迟界）

    m16n8k32 e4m3 -> f16  （8192 FLOP/指令）
    链数  warps   TFLOPS    周期/指令 FLOP/clk/SM   ms
    1       4       533.8     29.76       1101.0        0.21
    1       8       968.3     32.95       1989.1        0.23
    1       16      527.9     90.80       1443.5        0.84
    2       4       780.1     17.83       1837.6        0.29
    2       8       556.1     45.20       1450.0        0.80
    2       16      533.7     103.14      1270.8        1.67
    4       4       575.4     20.43       1603.9        0.77
    4       8       619.8     45.76       1432.2        1.44
    4       16      575.7     103.67      1264.3        3.10
    8       4       620.2     23.05       1421.3        1.44
    8       8       575.3     51.92       1262.3        3.10
    8       16      574.0     108.84      1204.2        6.21
    16      4       574.3     26.51       1236.2        3.10
    16      8       574.1     54.22       1208.7        6.21
    16      16      575.5     110.19      1189.5        12.39
    单 warp 单链（纯延迟）29.81 周期/指令；峰值 1989.1 FLOP/clk/SM（7.2 倍于延迟界）

    kind::f8f6f4 m16n8k32 e4m3 -> f32  （8192 FLOP/指令）
    链数  warps   TFLOPS    周期/指令 FLOP/clk/SM   ms
    1       4       455.1     34.93       938.2         0.24
    1       8       495.8     64.17       1021.3        0.45
    1       16      499.6     128.24      1022.0        0.89
    2       4       488.7     32.27       1015.3        0.46
    2       8       499.5     64.08       1022.7        0.89
    2       16      501.0     128.11      1023.1        1.78
    4       4       496.5     32.15       1019.2        0.90
    4       8       502.3     64.05       1023.3        1.77
    4       16      503.1     128.06      1023.5        3.54
    8       4       499.9     32.10       1020.9        1.78
    8       8       503.3     64.02       1023.7        3.54
    8       16      503.5     127.96      1024.4        7.08
    16      4       501.5     32.08       1021.5        3.55
    16      8       503.4     64.02       1023.7        7.08
    16      16      503.6     127.75      1026.0        14.16
    单 warp 单链（纯延迟）34.89 周期/指令；峰值 1026.0 FLOP/clk/SM（4.4 倍于延迟界）

    kind::mxf8f6f4.block_scale m16n8k32 e4m3 -> f32  （8192 FLOP/指令）
    链数  warps   TFLOPS    周期/指令 FLOP/clk/SM   ms
    1       4       531.0     29.82       1098.7        0.21
    1       8       958.3     33.20       1974.1        0.23
    1       16      528.4     91.35       1434.9        0.84
    2       4       761.2     17.96       1824.9        0.29
    2       8       561.6     44.73       1465.2        0.79
    2       16      535.7     103.03      1272.2        1.66
    4       4       570.4     20.65       1587.2        0.78
    4       8       618.3     45.76       1432.1        1.44
    4       16      575.0     103.96      1260.8        3.10
    8       4       620.4     22.93       1428.8        1.44
    8       8       575.4     51.81       1264.9        3.10
    8       16      573.9     108.71      1205.7        6.21
    16      4       573.4     26.56       1233.7        3.11
    16      8       574.7     54.13       1210.7        6.20
    16      16      575.5     110.25      1188.8        12.39
    单 warp 单链（纯延迟）29.88 周期/指令；峰值 1974.1 FLOP/clk/SM（7.2 倍于延迟界）

    kind::mxf4.block_scale m16n8k64 e2m1 -> f32  （16384 FLOP/指令）
    链数  warps   TFLOPS    周期/指令 FLOP/clk/SM   ms
    1       4       1071.3    29.82       2197.4        0.21
    1       8       1428.9    34.44       3805.4        0.31
    1       16      1165.1    83.24       3149.3        0.76
    2       4       1356.6    18.97       3455.5        0.33
    2       8       1073.3    45.35       2889.9        0.83
    2       16      1108.3    99.90       2624.2        1.61
    4       4       1137.6    21.24       3085.9        0.78
    4       8       1188.9    47.10       2783.1        1.50
    4       16      1151.4    104.03      2519.8        3.10
    8       4       1191.3    23.70       2765.6        1.50
    8       8       1150.8    52.09       2516.1        3.10
    8       16      1152.8    108.35      2419.4        6.19
    16      4       1147.0    26.52       2471.0        3.11
    16      8       1149.6    54.24       2416.6        6.20
    16      16      1152.1    110.15      2380.0        12.38
    单 warp 单链（纯延迟）29.88 周期/指令；峰值 3805.4 FLOP/clk/SM（6.9 倍于延迟界）

